5.769105181730449 738.090994762162
1.8496035663413735 8.30864450439579
8.74524037194331 22268.71399916724
7.00720211116823 3045.296879734803
9.294826498121914 41775.51478486175
1.4449344825377932 5.228161492765564
8.847714312171192 25040.329763591755
9.745329747309183 69966.3862451239
4.556048119547768 184.0936220718855
4.65018426339604 205.03996287960493
9.287712263084503 41436.68169181792
9.720569436637799 68011.10921296277
1.9428183625901718 9.244254675909959
1.5457588005888878 5.867779573119726
8.454963192195407 15972.903748154387
4.24560908845848 129.03395763382133
3.413818695788761 49.79428836269162
1.7433362789146019 7.35697718310108
7.963955102277361 9104.98564122604
1.894790368863985 8.749732799105905
